100 1000
919 5750 -5426 -4963
-3010 9901 1337 -5924
3390 -2518 647 -2903
-3196 2621 -7078 4172
1373 -3230 -7678 -2788
-5677 3102 -5986 -5424
-6061 1364 -1509 2449
-1493 8325 -727 2888
-2707 -1149 6663 3877
4571 -633 -7475 2537
-7986 7530 3687 -1445
9455 -3851 3860 -1099
-9403 -8755 4951 4831
6632 -9524 -2634 -5970
7023 -9940 -605 9660
-9413 -9598 -6800 2717
-7459 -3339 2942 -7976
-5041 -2609 -4868 -2392
3989 -6268 7839 -3949
-3490 -2454 -4511 -7208
-242 -4640 7266 -5950
8380 -2968 336 8744
-4846 -3761 -3867 -2195
-4350 1674 2646 9531
4160 -3005 -4076 -7133
-168 364 -2577 -8380
1040 -5822 2482 9379
6773 6408 -6694 4229
-9223 143 7393 -771
-773 -1574 -9474 -8401
-8436 -1407 8344 -8366
-991 -5599 -3755 9771
-2692 -2576 -1916 5023
8494 -3584 8491 6054
-6331 -6870 -1034 -6476
2841 3028 -9928 -8950
7570 -3843 -4826 -4459
3971 109 1013 -5536
979 -2652 -1525 3363
-9561 1491 1169 9879
-9976 -383 -3572 7361
4234 -8788 6637 -1446
-2700 2531 1120 9740
9778 3003 704 4045
9122 1429 1998 4140
-6244 -2223 -4835 9761
-4855 -8154 9870 -2480
-3646 -4301 2840 -6046
3085 3555 -4956 -8343
-4078 -1793 -4923 8248
-8043 5476 -278 7847
-4434 7818 -3762 9382
-7595 -1486 -5954 1181
-1847 -3360 -7172 -5007
737 5458 -5805 -6747
-5310 8356 -661 -6014
-3711 3177 -3889 -6442
7989 2660 8008 -8527
8742 5489 -9372 -6033
166 -3706 7444 -4088
-4747 -1532 9329 -2578
4279 7494 -8515 3121
-4730 665 7400 8143
-8703 -3400 6219 -2385
8664 -7848 -5219 -504
9607 -72 -6563 2232
-5566 -4201 -8250 4965
-3348 -2374 -425 9776
7634 6088 -6191 14
-5249 1838 -9581 -8491
1345 -1544 -1839 4689
-4146 2949 -8282 -8109
6999 -2750 9095 -1653
-4091 -5104 7498 -2303
4804 8002 896 6438
-9077 -9717 5836 -7029
-1666 -6574 -9836 30
-8786 2491 -2759 3865
-4828 -1809 -2688 613
4417 4494 -5580 -1261
-5799 -1454 8970 -2590
-7191 785 3783 -6814
9497 6170 268 -3487
2147 5460 -6584 1766
2808 -2166 -734 -8831
-7456 8751 9604 6558
-479 5200 -4758 -8493
-3678 -6973 174 9363
8527 -1769 -8144 -5855
7820 9930 -1140 5496
8023 1146 3349 -5287
4469 -9757 -1238 -5398
857 -8177 3566 -3383
-6247 2763 -3053 -2490
8604 -3726 -5690 -4883
-3820 -1135 -4006 3435
6572 9234 4584 -2446
-7656 -5787 -9064 6965
6205 -7167 -4102 7259
8967 -7357 -2505 5624
