1: 443232 44332113214323214134231421214
1: 443232 443321 3214323214134231421214
1: 443232 44332  3214323214134231421214
2: 443 32 44332  3214323214134231421214
2: 443 3  44332  3214323214134231421214
2: 443 3  4433   3214323214134231421214
2: 443 3  4433   32143 3214134231421214
2: 443 3  4433   32143 3214134 31421214
3: 443    4433   32143 3214134 31421214
3: 44     4433   32143 3214134 31421214
3: 44     4433   32143 32141 4 31421214
4: 44     4433   32143 32141 4 3142121
4: 44     4433   32143 32141 4 31 2121
4: 44     4433   32143 32141   31 2121

   44     4433   32143 32141   31 2121
   44     4433   32143 32141   3  21211
